0.001    0.00200832    4.10835e-06
0.051    0.0946746    0.000527414
0.101    0.180347    0.00184101
0.151    0.274239    0.00407583
0.201    0.321528    0.00486564
0.251    0.400602    0.00688159
0.301    0.510744    0.0120025
0.351    0.610578    0.0109199
0.401    0.74887    0.0177606
0.451    0.887871    0.0175665
0.501    1.13832    0.0271252
0.551    1.52368    0.0248762
0.601    1.97452    0.026266
0.651    2.84755    0.0629579
0.701    3.8066    0.0878968
0.751    4.81091    0.0773088
0.801    7.95054    0.216118
0.851    11.0028    0.276392
