0.001    0.00100072    1.70538e-06
0.051    0.0375675    0.000495803
0.101    0.0563143    0.00150362
0.151    0.05737    0.00266889
0.201    0.031691    0.00402425
0.251    0.0147469    0.00564523
0.301    0.013635    0.00713779
0.351    -0.0423109    0.0107768
0.401    -0.118147    0.0103699
0.451    -0.129546    0.0108756
0.501    -0.18822    0.017079
0.551    -0.00226168    0.0147717
0.601    0.0215921    0.0284482
0.651    0.432052    0.0838928
0.701    1.31988    0.0847831
0.751    2.22702    0.137651
0.801    5.42392    0.249585
0.851    9.55453    0.351605
